p_val	avg_logFC	pct.1	pct.2	p_val_adj
Gh	0	2.6442083999646	0.962	0.008	4.94065645841247e-324
Prl	0	1.31959048544726	0.886	0.006	4.94065645841247e-324
Ttr	0	0.938371581474146	0.998	0.877	4.94065645841247e-324
Apoe	0	0.868245743155434	0.962	0.826	4.94065645841247e-324
Apod	0	0.41660825631104	0.505	0.104	4.94065645841247e-324
Pomc	0	0.388841606746191	0.251	0.012	4.94065645841247e-324
Olfml3	0	-0.360306110392957	0.843	0.944	4.94065645841247e-324
P2ry12	0	-0.369370521977722	0.817	0.929	4.94065645841247e-324
Cst3	0	-0.433124858359061	1	1	4.94065645841247e-324
Fcrls	0	-0.49277162830809	0.765	0.934	4.94065645841247e-324
Hbb-bs	0	-0.500050340503889	0.84	0.97	4.94065645841247e-324
Malat1	1.35612666351274e-282	-0.205318510402644	0.999	1	2.61515465791797e-278
Sparc	1.42390423123978e-280	-0.243479304665528	0.959	0.988	2.74585691952279e-276
mt-Atp6	2.41516560075155e-270	0.373861188168392	0.997	0.992	4.6574053444893e-266
Marcks	4.29464466496751e-259	-0.264782891604019	0.838	0.93	8.28179277192335e-255
Rpl32	4.16151573840584e-255	0.302365542384302	0.964	0.907	8.02506694994182e-251
Rpsa	1.0558826132061e-232	0.282392784332211	0.923	0.853	2.03616403130663e-228
Eef1a1	3.87638414824306e-231	0.252433228418649	0.995	0.991	7.47521919147191e-227
Slc2a5	4.61686785025158e-230	-0.246007552415116	0.222	0.441	8.90316796242514e-226
Lgals3bp	4.23623859182175e-225	0.323437529570286	0.42	0.266	8.16916250046906e-221
Rbm3	1.05173997932508e-216	0.24200094401943	0.443	0.276	2.02817537613049e-212
mt-Co3	1.1219667010272e-211	0.343487397934294	0.998	0.996	2.16360058626085e-207
Rpl23	2.83223663542254e-205	0.260886448866255	0.978	0.948	5.46168512774882e-201
Ucp2	8.33762951824238e-203	0.258231411252929	0.632	0.496	1.60782847629786e-198
Hspa1b	2.25435987453316e-194	-0.421189550844991	0.609	0.751	4.34730758204974e-190
Sirpa	4.14537281467852e-194	-0.252221438644716	0.637	0.8	7.99393693582606e-190
Rpl39	2.03922270219831e-183	0.245650442798068	0.964	0.92	3.93243705891922e-179
P2ry13	5.95519692123494e-183	-0.243563433465266	0.443	0.644	1.14840017429095e-178
Gpr34	5.98271834682195e-183	-0.259265402538315	0.689	0.833	1.15370740600115e-178
Ecscr	1.6128854884476e-181	-0.218081189108421	0.251	0.452	3.11028837592235e-177
Selenop	1.18021417992898e-180	-0.223117060443141	0.881	0.94	2.27592502457505e-176
Rps19	1.1423597110203e-177	0.238803829075233	0.932	0.872	2.20292646673155e-173
Rgs10	1.89644587037458e-177	-0.23376099419265	0.823	0.898	3.65710621643033e-173
Siglech	2.11336232869128e-175	-0.243208474719719	0.68	0.824	4.07540791464826e-171
mt-Nd1	2.92699137931215e-172	0.298247309322098	0.963	0.932	5.64441017586555e-168
mt-Cytb	2.96465335763985e-169	0.318716777365639	0.986	0.979	5.71703753487269e-165
Rps29	2.23900928442219e-168	0.223371926110477	0.979	0.953	4.31770550407974e-164
mt-Co1	2.45132354319723e-163	0.297399491523913	0.993	0.984	4.72713232070155e-159
Gm26825	2.05960025775187e-162	0.279090642141219	0.105	0.03	3.9717331370487e-158
Rps5	4.37765715997006e-162	0.229417851278847	0.92	0.853	8.44187406728627e-158
Rps8	1.54047029590795e-160	0.215477677738398	0.971	0.931	2.97064291862889e-156
Rpl12	3.56041338791237e-159	0.23270831266993	0.905	0.855	6.86590117725021e-155
Rpl10a	2.20404612878403e-155	0.228362816762065	0.878	0.81	4.25028255474713e-151
Fth1	2.53206851111306e-152	0.246341314200837	0.999	0.997	4.88284091683042e-148
Rpl14	6.88114351554517e-152	0.219487259258694	0.861	0.787	1.32695971553773e-147
Hsph1	5.76293514198405e-151	-0.355222699259872	0.281	0.447	1.1113244127802e-146
Hbb-bt	1.96730669601375e-150	-0.274006342007189	0.225	0.405	3.79375423259291e-146
Basp1	5.99066720521706e-149	-0.220098989648766	0.712	0.842	1.15524026385406e-144
Tmem119	1.05020911033031e-147	-0.21520029981632	0.83	0.907	2.02522324836096e-143
Lpcat2	5.47851663588114e-144	-0.209279539170728	0.649	0.796	1.05647714806332e-139
Rps16	3.39566344996083e-143	0.210553784845324	0.961	0.921	6.54819739690446e-139
Aif1	9.71535627255487e-142	-0.220795862708124	0.634	0.775	1.87350930359948e-137
Ifi27l2a	8.87011600743432e-141	0.276180784012193	0.3	0.159	1.71051317087363e-136
Rpl17	2.45337402353069e-140	0.219782203254454	0.901	0.846	4.73108646697659e-136
Rps12	4.19790904069787e-139	0.215218470719402	0.936	0.887	8.09524779408177e-135
mt-Nd3	2.90566346300117e-138	0.244582024173486	0.744	0.68	5.60328142205146e-134
mt-Co2	5.56159344511037e-138	0.269034097827407	0.994	0.99	1.07249767995508e-133
Rplp0	8.93587649496546e-138	0.207821571438516	0.939	0.891	1.72319442328914e-133
Rps28	2.43460458790048e-137	0.21931684735194	0.846	0.767	4.69489148730728e-133
Rps27a	7.01132125426447e-137	0.200248201933333	0.973	0.948	1.35206319067236e-132
Rpl36	1.65301383901808e-134	0.217146740785425	0.832	0.77	3.18767188716246e-130
Ckb	9.49322684847765e-134	-0.207352261808204	0.67	0.801	1.83067386546043e-129
Rpl19	2.3068599911643e-133	0.203282114145995	0.954	0.92	4.44854880696124e-129
Rps24	1.23428782378038e-132	0.200471870372204	0.987	0.971	2.38020063937808e-128
Rps20	1.29057704500296e-132	0.20660442840559	0.943	0.893	2.48874877358371e-128
Ighm	1.37157137338983e-132	-0.210168247860035	0.343	0.516	2.64493823644495e-128
H2-D1	1.63819585706709e-129	0.249330775716937	0.751	0.718	3.15909689076818e-125
Rpl3	4.26846778708615e-127	0.203872422502389	0.888	0.838	8.23131328061693e-123
Rps2	4.15283580363222e-126	0.201050253180377	0.81	0.761	8.00832856372438e-122
Rps18	1.08446484972004e-124	0.206393001988238	0.84	0.795	2.09128201620012e-120
Rpl41	3.76616213269704e-124	0.201314610975785	0.928	0.881	7.26266705669297e-120
S100a9	6.79195902016646e-123	-0.427766153220245	0.089	0.214	1.3097613774489e-118
mt-Nd4	7.0658338759086e-119	0.255518897437487	0.952	0.918	1.36257540463021e-114
Ctsb	8.63326025669062e-119	0.244252088897675	0.984	0.974	1.66483790790022e-114
Egr1	2.78139550631119e-114	-0.278674284645152	0.601	0.733	5.3636430943705e-110
S100a8	5.92465764617246e-108	-0.370175417769053	0.06	0.164	1.1425109804879e-103
Cebpb	4.9720718902924e-104	0.27746091127505	0.587	0.472	9.58814343323987e-100
Spp1	2.00991352291523e-94	0.416554100057797	0.172	0.081	3.87591723758972e-90
Ctsl	3.28696128401575e-91	0.208257329397371	0.926	0.901	6.33857614009598e-87
mt-Nd2	2.18103989797766e-85	0.252221585168426	0.956	0.932	4.20591733926013e-81
Enpp2	7.83624862007115e-85	0.203940430671581	0.276	0.16	1.51114218389452e-80
Hspa1a	2.64049781102564e-82	-0.220714975357104	0.852	0.903	5.09193597878185e-78
Hba-a2	1.06369485511088e-73	-0.210943932065816	0.312	0.441	2.05122915859581e-69
Ier3	9.47484017107961e-71	0.278195042463571	0.382	0.294	1.82712817859099e-66
Hspd1	2.27037823054192e-62	-0.221932159678142	0.388	0.491	4.37819737977703e-58
Hsp90aa1	7.65061288765343e-62	-0.223843556371425	0.853	0.877	1.47534418925509e-57
Hspb1	2.6184474751128e-58	-0.236200309449647	0.341	0.458	5.04941411100753e-54
Ptn	4.80026976212785e-58	-0.31206075525581	0.048	0.112	9.25684020928734e-54
Meg3	2.6129578266222e-53	0.267474431740368	0.075	0.027	5.03882787285825e-49
Dusp1	7.26890334352203e-44	0.211111463001527	0.622	0.596	1.40173532076479e-39
Ccl3	1.78995258095185e-43	0.252125958175265	0.634	0.609	3.45174455710755e-39
Cxcl2	1.39797735449771e-25	0.230490875820788	0.172	0.124	2.69585953041338e-21
Vtn	2.01636326245414e-21	-0.249516367109212	0.044	0.077	3.88835491531656e-17
